"id" "LAYING" "SITTING" "STANDING" "WALKING" "WALKING_DOWNSTAIRS" "WALKING_UPSTAIRS"
1 NA NA -0.463716542749936 NA NA NA
2 NA NA -0.486713996139449 NA NA NA
3 NA NA -0.513305700948802 NA NA NA
4 NA -0.42420883638221 -0.551969706437126 NA NA NA
5 NA NA -0.486744619244046 NA NA NA
6 NA NA -0.465296805542408 NA NA NA
7 NA -0.455304858260661 -0.631506982088892 NA NA NA
8 NA -0.467970825052308 NA NA NA NA
9 NA -0.502495097191743 NA NA NA NA
10 -0.46116391229057 -0.522126461982746 NA NA NA NA
11 NA -0.524889013946856 NA NA NA NA
12 -0.508086236045606 NA NA NA NA NA
13 -0.632096051233622 NA NA -0.477025570844353 NA NA
14 NA -0.470407319816446 NA NA NA NA
15 -0.481851101204893 -0.580579638610004 NA NA NA NA
16 -0.545471854544871 NA NA NA NA NA
17 -0.532283183746643 NA NA NA NA NA
18 NA NA NA -0.567856863818699 -0.537558202425503 NA
19 -0.483419110756989 NA NA NA NA NA
20 NA NA NA NA -0.539253084470527 -0.339564264259831
21 -0.643860538446225 NA NA -0.493478548312794 NA NA
22 NA NA NA -0.500546088727287 NA NA
23 NA NA NA -0.475827255097812 NA NA
24 NA NA NA NA NA -0.532915921247308
25 NA NA NA -0.556708537100005 -0.532716554023813 NA
26 NA NA NA NA -0.53156690682358 NA
27 NA NA NA NA -0.536397143012394 NA
28 NA NA NA NA -0.629819253217897 -0.517902362501299
29 NA NA NA NA NA -0.515399693128953
30 NA NA NA NA NA -0.515229704083787
